[gd_scene format=3 uid="uid://dqcq5kv076vmk"]

[ext_resource type="PackedScene" uid="uid://bs72ogkvdd7d6" path="res://addons/proto_controller/proto_controller.tscn" id="1_o5qli"]
[ext_resource type="PackedScene" uid="uid://cw3mluc46e5ec" path="res://scenes/building/wall.tscn" id="4_trceg"]
[ext_resource type="PackedScene" uid="uid://0qhqbdqy3rtc" path="res://scenes/building/wall_half_endcap.tscn" id="5_a8y0u"]
[ext_resource type="PackedScene" uid="uid://v60c8aoha1tg" path="res://scenes/building/wall_corner.tscn" id="6_jkv2x"]
[ext_resource type="PackedScene" uid="uid://bcryutqxjogqw" path="res://scenes/building/wall_with_blocked_window.tscn" id="7_jbj1t"]
[ext_resource type="PackedScene" uid="uid://bjvvtv0y4lvqh" path="res://scenes/building/wall_cracked.tscn" id="8_muem4"]
[ext_resource type="PackedScene" uid="uid://hjs57hyqqftv" path="res://scenes/building/wall_with_intruded_arch.tscn" id="9_dp3eg"]
[ext_resource type="PackedScene" uid="uid://l1ccabggstlw" path="res://scenes/building/wall_with_shelves.tscn" id="10_0ld40"]
[ext_resource type="PackedScene" uid="uid://cowng7h60rbgf" path="res://scenes/building/wall_t_split.tscn" id="11_gqmmt"]
[ext_resource type="PackedScene" uid="uid://s146ax4k7fu" path="res://scenes/building/wall_with_ironbars_for_window.tscn" id="12_yc10j"]
[ext_resource type="PackedScene" uid="uid://cl411g51om0ox" path="res://scenes/building/wall_doorway.tscn" id="13_jscy8"]
[ext_resource type="PackedScene" uid="uid://btifyeet6dxdo" path="res://scenes/building/wood_floor.tscn" id="14_jbj1t"]
[ext_resource type="PackedScene" uid="uid://cbnmfn4avpc6w" path="res://scenes/props/table_medium.tscn" id="15_jkv2x"]
[ext_resource type="PackedScene" uid="uid://dpepjqw0g28qe" path="res://scenes/building/pillar.tscn" id="15_muem4"]
[ext_resource type="PackedScene" uid="uid://0yi457ofuh8c" path="res://scenes/props/chair.tscn" id="16_2f3dj"]
[ext_resource type="PackedScene" uid="uid://bqs7h0qedsd0" path="res://scenes/building/ceiling.tscn" id="16_dp3eg"]
[ext_resource type="PackedScene" uid="uid://doso7pniqnscn" path="res://scenes/props/food_plate.tscn" id="17_yq6so"]
[ext_resource type="PackedScene" uid="uid://claauhkobqjw0" path="res://scenes/props/stacked_crates.tscn" id="18_fv21b"]
[ext_resource type="PackedScene" uid="uid://mxwhlhnb0kuk" path="res://scenes/props/barrel.tscn" id="19_tel4y"]
[ext_resource type="PackedScene" uid="uid://cwfs2ijbpis4k" path="res://scenes/props/big_keg.tscn" id="20_qkpxi"]
[ext_resource type="PackedScene" uid="uid://bqi33boauhknq" path="res://scenes/props/chest.tscn" id="21_5q0nq"]
[ext_resource type="PackedScene" uid="uid://bcajxy243hm3p" path="res://scenes/props/table_small.tscn" id="22_dgi5k"]
[ext_resource type="PackedScene" uid="uid://cqjyml78wjmm3" path="res://scenes/props/mounted_banner.tscn" id="23_j8jky"]
[ext_resource type="PackedScene" uid="uid://blq5b6sfaromp" path="res://scenes/props/keyring.tscn" id="24_kmb1v"]
[ext_resource type="PackedScene" uid="uid://dmkfycqlnupm6" path="res://scenes/props/mounted_torch.tscn" id="25_fuf3a"]
[ext_resource type="PackedScene" uid="uid://uc1fyrsop6kf" path="res://scenes/props/sword_shield_decor.tscn" id="26_pibwh"]
[ext_resource type="PackedScene" uid="uid://cobeujx10pgwg" path="res://scenes/props/stack_of_coins.tscn" id="27_c6pm6"]
[ext_resource type="PackedScene" uid="uid://bbeqa2y66ysne" path="res://scenes/props/candles.tscn" id="28_5he1u"]

[sub_resource type="ProceduralSkyMaterial" id="ProceduralSkyMaterial_2f3dj"]

[sub_resource type="Sky" id="Sky_yq6so"]
sky_material = SubResource("ProceduralSkyMaterial_2f3dj")
radiance_size = 5

[sub_resource type="Environment" id="Environment_jyhfs"]
background_mode = 2
sky = SubResource("Sky_yq6so")
ambient_light_source = 3
ambient_light_color = Color(0.4149491, 0.2000853, 0.0039416123, 1)
ambient_light_sky_contribution = 0.2
tonemap_mode = 1
tonemap_exposure = 1.82
ssao_enabled = true
ssao_radius = 5.61
ssao_intensity = 8.43
glow_enabled = true
glow_intensity = 2.86
glow_bloom = 0.2
fog_enabled = true
fog_light_color = Color(0.2280536, 0.24422577, 0.3267039, 1)
fog_sky_affect = 0.0
adjustment_enabled = true
adjustment_contrast = 1.205

[node name="Main" type="Node3D" unique_id=173235]

[node name="WorldEnvironment" type="WorldEnvironment" parent="." unique_id=326869393]
environment = SubResource("Environment_jyhfs")

[node name="DirectionalLight3D" type="DirectionalLight3D" parent="." unique_id=781432326]
transform = Transform3D(0.8660255, -2.9802322e-08, 0.49999994, -0.46984634, 0.3420201, 0.8137978, -0.17101002, -0.9396927, 0.2961981, 18.300001, 19.099998, 5.507635e-07)
shadow_enabled = true

[node name="ProtoController" parent="." unique_id=441486353 instance=ExtResource("1_o5qli")]
transform = Transform3D(-4.371139e-08, 0, -1, 0, 1, 0, 1, 0, -4.371139e-08, -8.305164e-08, 0, -9.100001)

[node name="Building" type="Node3D" parent="." unique_id=1761121466]
metadata/_edit_lock_ = true

[node name="Walls" type="Node3D" parent="Building" unique_id=1059969976]
metadata/_edit_lock_ = true

[node name="SmallRoomWalls" type="Node3D" parent="Building/Walls" unique_id=2047223889]
metadata/_edit_lock_ = true

[node name="wall" parent="Building/Walls/SmallRoomWalls" unique_id=593223768 instance=ExtResource("4_trceg")]
transform = Transform3D(0.9396926, 0, 0.34202012, 0, 1, 0, -0.34202012, 0, 0.9396926, 27.06969, -0.49999928, 10.09662)
metadata/_edit_lock_ = true

[node name="wall2" parent="Building/Walls/SmallRoomWalls" unique_id=408659308 instance=ExtResource("4_trceg")]
transform = Transform3D(0.9396926, 0, 0.34202012, 0, 1, 0, -0.34202012, 0, 0.9396926, 27.06969, 3.5000007, 10.09662)
metadata/_edit_lock_ = true

[node name="wall5" parent="Building/Walls/SmallRoomWalls" unique_id=1210894719 instance=ExtResource("4_trceg")]
transform = Transform3D(0.9396926, 0, 0.34202012, 0, 1, 0, -0.34202012, 0, 0.9396926, 38.158062, 3.5000007, 6.0607805)
metadata/_edit_lock_ = true

[node name="wall9" parent="Building/Walls/SmallRoomWalls" unique_id=696209953 instance=ExtResource("4_trceg")]
transform = Transform3D(0.9396926, 0, 0.34202012, 0, 1, 0, -0.34202012, 0, 0.9396926, 28.73903, 3.5000007, -7.537817)
metadata/_edit_lock_ = true

[node name="wall10" parent="Building/Walls/SmallRoomWalls" unique_id=357689746 instance=ExtResource("4_trceg")]
transform = Transform3D(0.9396926, 0, 0.34202012, 0, 1, 0, -0.34202012, 0, 0.9396926, 32.4978, 3.5000007, -8.905898)
metadata/_edit_lock_ = true

[node name="wall8" parent="Building/Walls/SmallRoomWalls" unique_id=695009080 instance=ExtResource("4_trceg")]
transform = Transform3D(0.3420201, 0, -0.9396926, 0, 1, 0, 0.9396926, 0, 0.3420201, 37.624653, 3.5000007, -6.5152063)
metadata/_edit_lock_ = true

[node name="wall_half_endcap" parent="Building/Walls/SmallRoomWalls" unique_id=897252191 instance=ExtResource("5_a8y0u")]
transform = Transform3D(-0.9396927, 0, -0.34202003, 0, 1, 0, 0.34202003, 0, -0.9396927, 24.980259, -0.49999928, -6.169737)
metadata/_edit_lock_ = true

[node name="wall_half_endcap2" parent="Building/Walls/SmallRoomWalls" unique_id=1173546729 instance=ExtResource("5_a8y0u")]
transform = Transform3D(-0.9396927, 0, -0.34202003, 0, 1, 0, 0.34202003, 0, -0.9396927, 24.980259, 3.5000007, -6.169737)
metadata/_edit_lock_ = true

[node name="wall_corner" parent="Building/Walls/SmallRoomWalls" unique_id=269474916 instance=ExtResource("6_jkv2x")]
transform = Transform3D(0.3420201, 0, -0.9396926, 0, 1, 0, 0.9396926, 0, 0.3420201, 41.728893, -0.49999928, 4.761104)
metadata/_edit_lock_ = true

[node name="wall_corner3" parent="Building/Walls/SmallRoomWalls" unique_id=1699356957 instance=ExtResource("6_jkv2x")]
transform = Transform3D(0.3420201, 0, -0.9396926, 0, 1, 0, 0.9396926, 0, 0.3420201, 41.728893, 3.5000007, 4.761104)
metadata/_edit_lock_ = true

[node name="wall_corner2" parent="Building/Walls/SmallRoomWalls" unique_id=1570557622 instance=ExtResource("6_jkv2x")]
transform = Transform3D(0.9396926, 0, 0.34202012, 0, 1, 0, -0.34202012, 0, 0.9396926, 36.25657, -0.49999928, -10.273979)
metadata/_edit_lock_ = true

[node name="wall_corner4" parent="Building/Walls/SmallRoomWalls" unique_id=260156450 instance=ExtResource("6_jkv2x")]
transform = Transform3D(0.9396926, 0, 0.34202012, 0, 1, 0, -0.34202012, 0, 0.9396926, 36.25657, 3.5000007, -10.273979)
metadata/_edit_lock_ = true

[node name="wall_with_blocked_window2" parent="Building/Walls/SmallRoomWalls" unique_id=1092686332 instance=ExtResource("7_jbj1t")]
transform = Transform3D(-0.9396927, 0, -0.34202003, 0, 1, 0, 0.34202003, 0, -0.9396927, 38.158062, -0.49999928, 6.0607805)
metadata/_edit_lock_ = true

[node name="wall_with_blocked_window3" parent="Building/Walls/SmallRoomWalls" unique_id=449071847 instance=ExtResource("7_jbj1t")]
transform = Transform3D(-0.93969256, 0, -0.3420202, 0, 1, 0, 0.3420202, 0, -0.93969256, 30.734491, -0.49999928, 8.762741)
metadata/_edit_lock_ = true

[node name="wall_with_blocked_window4" parent="Building/Walls/SmallRoomWalls" unique_id=1076241265 instance=ExtResource("7_jbj1t")]
transform = Transform3D(0.9396926, 0, 0.34202012, 0, 1, 0, -0.34202012, 0, 0.9396926, 28.739029, -0.49999928, -7.5378175)
metadata/_edit_lock_ = true

[node name="wall_cracked" parent="Building/Walls/SmallRoomWalls" unique_id=306390474 instance=ExtResource("8_muem4")]
transform = Transform3D(0.9396926, 0, 0.34202012, 0, 1, 0, -0.34202012, 0, 0.9396926, 30.734491, 3.5000007, 8.762739)
metadata/_edit_lock_ = true

[node name="wall_with_intruded_arch" parent="Building/Walls/SmallRoomWalls" unique_id=114570356 instance=ExtResource("9_dp3eg")]
transform = Transform3D(0.34202012, 0, -0.93969274, 0, 1, 0, 0.93969274, 0, 0.34202012, 39.004135, -0.49999928, -2.7765694)
metadata/_edit_lock_ = true

[node name="wall_with_intruded_arch2" parent="Building/Walls/SmallRoomWalls" unique_id=472619720 instance=ExtResource("9_dp3eg")]
transform = Transform3D(0.34202012, 0, -0.93969274, 0, 1, 0, 0.93969274, 0, 0.34202012, 39.004135, 3.5000007, -2.7765694)
metadata/_edit_lock_ = true

[node name="wall_cracked2" parent="Building/Walls/SmallRoomWalls" unique_id=133835042 instance=ExtResource("8_muem4")]
transform = Transform3D(0.9396926, 0, 0.34202012, 0, 1, 0, -0.34202012, 0, 0.9396926, 32.497803, -0.49999928, -8.905898)
metadata/_edit_lock_ = true

[node name="wall_with_shelves" parent="Building/Walls/SmallRoomWalls" unique_id=344481571 instance=ExtResource("10_0ld40")]
transform = Transform3D(0.34202012, 0, -0.93969274, 0, 1, 0, 0.93969274, 0, 0.34202012, 40.372215, -0.49999928, 0.9822016)
metadata/_edit_lock_ = true

[node name="wall_with_shelves2" parent="Building/Walls/SmallRoomWalls" unique_id=1994308454 instance=ExtResource("10_0ld40")]
transform = Transform3D(0.34202012, 0, -0.93969274, 0, 1, 0, 0.93969274, 0, 0.34202012, 37.636055, -0.49999928, -6.535341)
metadata/_edit_lock_ = true

[node name="wall_t-split" parent="Building/Walls/SmallRoomWalls" unique_id=1650410548 instance=ExtResource("11_gqmmt")]
transform = Transform3D(-0.9396927, 0, -0.34202003, 0, 1, 0, 0.34202003, 0, -0.9396927, 34.399292, -0.49999928, 7.42886)
metadata/_edit_lock_ = true

[node name="wall_half_endcap3" parent="Building/Walls/SmallRoomWalls" unique_id=2095386982 instance=ExtResource("5_a8y0u")]
transform = Transform3D(-0.34202018, 0, 0.93969256, 0, 1, 0, -0.93969256, 0, -0.34202018, 31.663132, -0.49999928, -0.088679515)
metadata/_edit_lock_ = true

[node name="wall_t-split2" parent="Building/Walls/SmallRoomWalls" unique_id=205434713 instance=ExtResource("11_gqmmt")]
transform = Transform3D(-0.9396927, 0, -0.34202003, 0, 1, 0, 0.34202003, 0, -0.9396927, 34.399292, 3.5000007, 7.42886)
metadata/_edit_lock_ = true

[node name="wall_half_endcap4" parent="Building/Walls/SmallRoomWalls" unique_id=570612340 instance=ExtResource("5_a8y0u")]
transform = Transform3D(-0.34202018, 0, 0.93969256, 0, 1, 0, -0.93969256, 0, -0.34202018, 31.663132, 3.5000007, -0.088679515)
metadata/_edit_lock_ = true

[node name="wall_with_shelves3" parent="Building/Walls/SmallRoomWalls" unique_id=1741299779 instance=ExtResource("10_0ld40")]
transform = Transform3D(-0.34202018, 0, 0.93969256, 0, 1, 0, -0.93969256, 0, -0.34202018, 33.03121, -0.49999928, 3.670091)
metadata/_edit_lock_ = true

[node name="wall_with_ironbars_for_window" parent="Building/Walls/SmallRoomWalls" unique_id=1023532372 instance=ExtResource("12_yc10j")]
transform = Transform3D(0.3420201, 0, -0.9396926, 0, 1, 0, 0.9396926, 0, 0.3420201, 33.03121, 3.5000007, 3.670091)
metadata/_edit_lock_ = true

[node name="wall_cracked3" parent="Building/Walls/SmallRoomWalls" unique_id=330449520 instance=ExtResource("8_muem4")]
transform = Transform3D(0.3420201, 0, -0.9396926, 0, 1, 0, 0.9396926, 0, 0.3420201, 40.360813, 3.5000007, 1.0023341)
metadata/_edit_lock_ = true

[node name="wall3" parent="Building/Walls/SmallRoomWalls" unique_id=1146119395 instance=ExtResource("4_trceg")]
transform = Transform3D(-4.371139e-08, 0, -1, 0, 1, 0, 1, 0, -4.371139e-08, 25.3, -0.49999928, -4.6)
metadata/_edit_lock_ = true

[node name="wall4" parent="Building/Walls/SmallRoomWalls" unique_id=1810904315 instance=ExtResource("4_trceg")]
transform = Transform3D(-4.371139e-08, 0, -1, 0, 1, 0, 1, 0, -4.371139e-08, 25.3, 3.5000007, -0.5999999)
metadata/_edit_lock_ = true

[node name="wall_with_intruded_arch3" parent="Building/Walls/SmallRoomWalls" unique_id=1820661977 instance=ExtResource("9_dp3eg")]
transform = Transform3D(-4.371139e-08, 0, -1, 0, 1, 0, 1, 0, -4.371139e-08, 25.3, 3.5000007, 3.4)
metadata/_edit_lock_ = true

[node name="wall6" parent="Building/Walls/SmallRoomWalls" unique_id=1616030426 instance=ExtResource("4_trceg")]
transform = Transform3D(-4.371139e-08, 0, -1, 0, 1, 0, 1, 0, -4.371139e-08, 25.3, 3.5000007, -4.6)
metadata/_edit_lock_ = true

[node name="wall_with_ironbars_for_window2" parent="Building/Walls/SmallRoomWalls" unique_id=2046468710 instance=ExtResource("12_yc10j")]
transform = Transform3D(-4.371139e-08, 0, -1, 0, 1, 0, 1, 0, -4.371139e-08, 25.3, -0.49999928, -0.5999999)
metadata/_edit_lock_ = true

[node name="wall_with_ironbars_for_window3" parent="Building/Walls/SmallRoomWalls" unique_id=11006096 instance=ExtResource("12_yc10j")]
transform = Transform3D(-4.371139e-08, 0, -1, 0, 1, 0, 1, 0, -4.371139e-08, 25.3, -0.49999928, 7.4)
metadata/_edit_lock_ = true

[node name="wall_cracked4" parent="Building/Walls/SmallRoomWalls" unique_id=452486181 instance=ExtResource("8_muem4")]
transform = Transform3D(-4.371139e-08, 0, -1, 0, 1, 0, 1, 0, -4.371139e-08, 25.3, 3.5000007, 7.4)
metadata/_edit_lock_ = true

[node name="wall15" parent="Building/Walls/SmallRoomWalls" unique_id=1175816004 instance=ExtResource("4_trceg")]
transform = Transform3D(-4.371139e-08, 0, -1, 0, 1, 0, 1, 0, -4.371139e-08, 25.3, -0.49999928, 11.4)
metadata/_edit_lock_ = true

[node name="wall_doorway" parent="Building/Walls/SmallRoomWalls" unique_id=1007481449 instance=ExtResource("13_jscy8")]
transform = Transform3D(-4.371139e-08, 0, -1, 0, 1, 0, 1, 0, -4.371139e-08, 25.3, -0.49999928, 3.4)
metadata/_edit_lock_ = true

[node name="wall18" parent="Building/Walls/SmallRoomWalls" unique_id=876696767 instance=ExtResource("4_trceg")]
transform = Transform3D(-4.371139e-08, 0, -1, 0, 1, 0, 1, 0, -4.371139e-08, 25.3, 3.5000007, 11.4)
metadata/_edit_lock_ = true

[node name="BigRoomWalls" type="Node3D" parent="Building/Walls" unique_id=1332720046]
metadata/_edit_lock_ = true

[node name="wall_with_shelves2" parent="Building/Walls/BigRoomWalls" unique_id=1301132917 instance=ExtResource("10_0ld40")]
transform = Transform3D(-4.371139e-08, 0, -1, 0, 1, 0, 1, 0, -4.371139e-08, 25.3, -0.49999928, -8.599998)
metadata/_edit_lock_ = true

[node name="wall_with_shelves" parent="Building/Walls/BigRoomWalls" unique_id=1194988036 instance=ExtResource("10_0ld40")]
transform = Transform3D(-4.371139e-08, 0, -1, 0, 1, 0, 1, 0, -4.371139e-08, 25.3, -0.49999928, -12.599998)
metadata/_edit_lock_ = true

[node name="wall17" parent="Building/Walls/BigRoomWalls" unique_id=1368993731 instance=ExtResource("4_trceg")]
transform = Transform3D(-4.371139e-08, 0, -1, 0, 1, 0, 1, 0, -4.371139e-08, 25.3, 3.5000007, -12.599998)
metadata/_edit_lock_ = true

[node name="wall_cracked" parent="Building/Walls/BigRoomWalls" unique_id=2102269723 instance=ExtResource("8_muem4")]
transform = Transform3D(-4.371139e-08, 0, -1, 0, 1, 0, 1, 0, -4.371139e-08, 25.3, -0.49999928, -16.599998)
metadata/_edit_lock_ = true

[node name="wall19" parent="Building/Walls/BigRoomWalls" unique_id=776842990 instance=ExtResource("4_trceg")]
transform = Transform3D(-4.371139e-08, 0, -1, 0, 1, 0, 1, 0, -4.371139e-08, 25.3, 3.5000007, -16.599998)
metadata/_edit_lock_ = true

[node name="wall24" parent="Building/Walls/BigRoomWalls" unique_id=761130960 instance=ExtResource("4_trceg")]
transform = Transform3D(0.6427876, 0, -0.76604444, 0, 1, 0, 0.76604444, 0, 0.6427876, 24.070696, -0.49999917, -20.230896)
metadata/_edit_lock_ = true

[node name="wall25" parent="Building/Walls/BigRoomWalls" unique_id=174515839 instance=ExtResource("4_trceg")]
transform = Transform3D(0.6427876, 0, -0.76604444, 0, 1, 0, 0.76604444, 0, 0.6427876, 24.070696, 3.5000007, -20.230896)
metadata/_edit_lock_ = true

[node name="wall26" parent="Building/Walls/BigRoomWalls" unique_id=1439337261 instance=ExtResource("4_trceg")]
transform = Transform3D(0.6427876, 0, -0.76604444, 0, 1, 0, 0.76604444, 0, 0.6427876, 21.499546, -0.49999917, -23.295074)
metadata/_edit_lock_ = true

[node name="wall27" parent="Building/Walls/BigRoomWalls" unique_id=941929614 instance=ExtResource("4_trceg")]
transform = Transform3D(0.6427876, 0, -0.76604444, 0, 1, 0, 0.76604444, 0, 0.6427876, 21.499546, 3.5000007, -23.295074)
metadata/_edit_lock_ = true

[node name="wall" parent="Building/Walls/BigRoomWalls" unique_id=668391765 instance=ExtResource("4_trceg")]
transform = Transform3D(0.76604444, 0, 0.64278764, 0, 1, 0, -0.64278764, 0, 0.76604444, 13.293069, -0.49999917, -26.85228)
metadata/_edit_lock_ = true

[node name="wall_corner" parent="Building/Walls/BigRoomWalls" unique_id=1826345264 instance=ExtResource("6_jkv2x")]
transform = Transform3D(0.76604444, 0, 0.64278764, 0, 1, 0, -0.64278764, 0, 0.76604444, 16.357246, -0.49999917, -29.42343)
metadata/_edit_lock_ = true

[node name="wall2" parent="Building/Walls/BigRoomWalls" unique_id=924523232 instance=ExtResource("4_trceg")]
transform = Transform3D(0.76604444, 0, 0.64278764, 0, 1, 0, -0.64278764, 0, 0.76604444, 13.293069, 3.500001, -26.85228)
metadata/_edit_lock_ = true

[node name="wall3" parent="Building/Walls/BigRoomWalls" unique_id=1133784896 instance=ExtResource("4_trceg")]
transform = Transform3D(0.76604444, 0, 0.64278764, 0, 1, 0, -0.64278764, 0, 0.76604444, 10.228891, -0.49999917, -24.28113)
metadata/_edit_lock_ = true

[node name="wall4" parent="Building/Walls/BigRoomWalls" unique_id=355510555 instance=ExtResource("4_trceg")]
transform = Transform3D(0.76604444, 0, 0.64278764, 0, 1, 0, -0.64278764, 0, 0.76604444, 10.228891, 3.500001, -24.28113)
metadata/_edit_lock_ = true

[node name="wall5" parent="Building/Walls/BigRoomWalls" unique_id=2527280 instance=ExtResource("4_trceg")]
transform = Transform3D(0.76604444, 0, 0.64278764, 0, 1, 0, -0.64278764, 0, 0.76604444, 7.1647134, -0.49999917, -21.709978)
metadata/_edit_lock_ = true

[node name="wall6" parent="Building/Walls/BigRoomWalls" unique_id=1879429890 instance=ExtResource("4_trceg")]
transform = Transform3D(0.76604444, 0, 0.64278764, 0, 1, 0, -0.64278764, 0, 0.76604444, 7.1647134, 3.500001, -21.709978)
metadata/_edit_lock_ = true

[node name="wall7" parent="Building/Walls/BigRoomWalls" unique_id=1891092580 instance=ExtResource("4_trceg")]
transform = Transform3D(0.76604444, 0, 0.64278764, 0, 1, 0, -0.64278764, 0, 0.76604444, 4.100536, -0.49999917, -19.138828)
metadata/_edit_lock_ = true

[node name="wall8" parent="Building/Walls/BigRoomWalls" unique_id=330481513 instance=ExtResource("4_trceg")]
transform = Transform3D(0.76604444, 0, 0.64278764, 0, 1, 0, -0.64278764, 0, 0.76604444, 4.100536, 3.500001, -19.138828)
metadata/_edit_lock_ = true

[node name="wall9" parent="Building/Walls/BigRoomWalls" unique_id=1566336320 instance=ExtResource("4_trceg")]
transform = Transform3D(0.76604444, 0, 0.64278764, 0, 1, 0, -0.64278764, 0, 0.76604444, -4.598971, -0.49999917, -17.060705)
metadata/_edit_lock_ = true

[node name="wall10" parent="Building/Walls/BigRoomWalls" unique_id=881588644 instance=ExtResource("4_trceg")]
transform = Transform3D(0.76604444, 0, 0.64278764, 0, 1, 0, -0.64278764, 0, 0.76604444, -4.598971, 3.500001, -17.060705)
metadata/_edit_lock_ = true

[node name="wall11" parent="Building/Walls/BigRoomWalls" unique_id=1789836493 instance=ExtResource("4_trceg")]
transform = Transform3D(0.76604444, 0, 0.64278764, 0, 1, 0, -0.64278764, 0, 0.76604444, -7.6631484, -0.49999917, -14.489553)
metadata/_edit_lock_ = true

[node name="wall12" parent="Building/Walls/BigRoomWalls" unique_id=1433610563 instance=ExtResource("4_trceg")]
transform = Transform3D(0.76604444, 0, 0.64278764, 0, 1, 0, -0.64278764, 0, 0.76604444, -7.6631484, 3.500001, -14.489553)
metadata/_edit_lock_ = true

[node name="wall13" parent="Building/Walls/BigRoomWalls" unique_id=368934419 instance=ExtResource("4_trceg")]
transform = Transform3D(0.76604444, 0, 0.64278764, 0, 1, 0, -0.64278764, 0, 0.76604444, -10.727326, -0.49999917, -11.918404)
metadata/_edit_lock_ = true

[node name="wall14" parent="Building/Walls/BigRoomWalls" unique_id=1532461221 instance=ExtResource("4_trceg")]
transform = Transform3D(0.76604444, 0, 0.64278764, 0, 1, 0, -0.64278764, 0, 0.76604444, -10.727326, 3.500001, -11.918404)
metadata/_edit_lock_ = true

[node name="wall15" parent="Building/Walls/BigRoomWalls" unique_id=1383532699 instance=ExtResource("4_trceg")]
transform = Transform3D(0, 0, -1, 0, 1, 0, 1, 0, 0, -12.127327, -0.49999917, -8.718404)
metadata/_edit_lock_ = true

[node name="wall16" parent="Building/Walls/BigRoomWalls" unique_id=891282996 instance=ExtResource("4_trceg")]
transform = Transform3D(0, 0, -1, 0, 1, 0, 1, 0, 0, -12.127327, 3.500001, -8.718404)
metadata/_edit_lock_ = true

[node name="wall18" parent="Building/Walls/BigRoomWalls" unique_id=1997844116 instance=ExtResource("4_trceg")]
transform = Transform3D(0, 0, -1, 0, 1, 0, 1, 0, 0, -12.127327, -0.49999917, -4.718404)
metadata/_edit_lock_ = true

[node name="wall20" parent="Building/Walls/BigRoomWalls" unique_id=810491898 instance=ExtResource("4_trceg")]
transform = Transform3D(0, 0, -1, 0, 1, 0, 1, 0, 0, -12.127327, 3.500001, -4.718404)
metadata/_edit_lock_ = true

[node name="wall21" parent="Building/Walls/BigRoomWalls" unique_id=1929547667 instance=ExtResource("4_trceg")]
transform = Transform3D(1, 0, -1.3113416e-07, 0, 1, 0, 1.3113416e-07, 0, 1, -8.127327, 3.500001, -0.7184033)
metadata/_edit_lock_ = true

[node name="wall22" parent="Building/Walls/BigRoomWalls" unique_id=1303530620 instance=ExtResource("4_trceg")]
transform = Transform3D(1, 0, -1.3113416e-07, 0, 1, 0, 1.3113416e-07, 0, 1, -8.127327, -0.49999896, -0.7184033)
metadata/_edit_lock_ = true

[node name="wall57" parent="Building/Walls/BigRoomWalls" unique_id=1619937792 instance=ExtResource("4_trceg")]
transform = Transform3D(1, 0, -1.3113416e-07, 0, 1, 0, 1.3113416e-07, 0, 1, -4.127327, 3.500001, -0.71840274)
metadata/_edit_lock_ = true

[node name="wall58" parent="Building/Walls/BigRoomWalls" unique_id=153985431 instance=ExtResource("4_trceg")]
transform = Transform3D(1, 0, -1.3113416e-07, 0, 1, 0, 1.3113416e-07, 0, 1, -4.127327, -0.49999896, -0.71840274)
metadata/_edit_lock_ = true

[node name="wall59" parent="Building/Walls/BigRoomWalls" unique_id=1757506197 instance=ExtResource("4_trceg")]
transform = Transform3D(1, 0, -1.3113416e-07, 0, 1, 0, 1.3113416e-07, 0, 1, -0.12732697, 3.500001, -0.7184022)
metadata/_edit_lock_ = true

[node name="wall_corner9" parent="Building/Walls/BigRoomWalls" unique_id=686319370 instance=ExtResource("6_jkv2x")]
transform = Transform3D(-1, 0, 2.1855695e-07, 0, 1, 0, -2.1855695e-07, 0, -1, 3.8726716, -0.49999905, 3.281598)
metadata/_edit_lock_ = true

[node name="wall_corner10" parent="Building/Walls/BigRoomWalls" unique_id=1004134821 instance=ExtResource("6_jkv2x")]
transform = Transform3D(-1, 0, 2.1855695e-07, 0, 1, 0, -2.1855695e-07, 0, -1, 3.8726716, 3.500001, 3.281598)
metadata/_edit_lock_ = true

[node name="wall_corner7" parent="Building/Walls/BigRoomWalls" unique_id=1100357893 instance=ExtResource("6_jkv2x")]
transform = Transform3D(1, 0, -1.3113416e-07, 0, 1, 0, 1.3113416e-07, 0, 1, 3.872673, -0.49999896, -0.7184017)
metadata/_edit_lock_ = true

[node name="wall_corner8" parent="Building/Walls/BigRoomWalls" unique_id=1978999210 instance=ExtResource("6_jkv2x")]
transform = Transform3D(1, 0, -1.3113416e-07, 0, 1, 0, 1.3113416e-07, 0, 1, 3.872673, 3.500001, -0.7184017)
metadata/_edit_lock_ = true

[node name="wall60" parent="Building/Walls/BigRoomWalls" unique_id=60487395 instance=ExtResource("4_trceg")]
transform = Transform3D(1, 0, -1.3113416e-07, 0, 1, 0, 1.3113416e-07, 0, 1, -0.12732697, -0.49999896, -0.7184022)
metadata/_edit_lock_ = true

[node name="wall_half_endcap" parent="Building/Walls/BigRoomWalls" unique_id=1405751916 instance=ExtResource("5_a8y0u")]
transform = Transform3D(1, 0, -3.059797e-07, 0, 1, 0, 3.059797e-07, 0, 1, 7.8726726, -0.49999896, 3.2815995)
metadata/_edit_lock_ = true

[node name="wall_half_endcap2" parent="Building/Walls/BigRoomWalls" unique_id=932709394 instance=ExtResource("5_a8y0u")]
transform = Transform3D(1, 0, -3.059797e-07, 0, 1, 0, 3.059797e-07, 0, 1, 7.8726726, 3.500001, 3.2815995)
metadata/_edit_lock_ = true

[node name="wall_t-split" parent="Building/Walls/BigRoomWalls" unique_id=1181445393 instance=ExtResource("11_gqmmt")]
transform = Transform3D(8.742278e-08, 0, 1, 0, 1, 0, -1, 0, 8.742278e-08, -12.127327, -0.49999917, -0.7184038)
metadata/_edit_lock_ = true

[node name="wall_t-split2" parent="Building/Walls/BigRoomWalls" unique_id=1453531058 instance=ExtResource("11_gqmmt")]
transform = Transform3D(8.742278e-08, 0, 1, 0, 1, 0, -1, 0, 8.742278e-08, -12.127327, 3.500001, -0.7184038)
metadata/_edit_lock_ = true

[node name="wall23" parent="Building/Walls/BigRoomWalls" unique_id=1926579367 instance=ExtResource("4_trceg")]
transform = Transform3D(0, 0, -1, 0, 1, 0, 1, 0, 0, -12.127327, -0.49999917, 3.2815962)
metadata/_edit_lock_ = true

[node name="wall30" parent="Building/Walls/BigRoomWalls" unique_id=234621979 instance=ExtResource("4_trceg")]
transform = Transform3D(0, 0, -1, 0, 1, 0, 1, 0, 0, -12.127327, 3.500001, 3.2815962)
metadata/_edit_lock_ = true

[node name="wall31" parent="Building/Walls/BigRoomWalls" unique_id=579082822 instance=ExtResource("4_trceg")]
transform = Transform3D(0, 0, -1, 0, 1, 0, 1, 0, 0, -12.127327, -0.49999917, 7.281596)
metadata/_edit_lock_ = true

[node name="wall32" parent="Building/Walls/BigRoomWalls" unique_id=795177799 instance=ExtResource("4_trceg")]
transform = Transform3D(0, 0, -1, 0, 1, 0, 1, 0, 0, -12.127327, 3.500001, 7.281596)
metadata/_edit_lock_ = true

[node name="wall33" parent="Building/Walls/BigRoomWalls" unique_id=444964576 instance=ExtResource("4_trceg")]
transform = Transform3D(0, 0, -1, 0, 1, 0, 1, 0, 0, -12.127327, -0.49999917, 11.281596)
metadata/_edit_lock_ = true

[node name="wall34" parent="Building/Walls/BigRoomWalls" unique_id=1215250105 instance=ExtResource("4_trceg")]
transform = Transform3D(0, 0, -1, 0, 1, 0, 1, 0, 0, -12.127327, 3.500001, 11.281596)
metadata/_edit_lock_ = true

[node name="wall35" parent="Building/Walls/BigRoomWalls" unique_id=630937392 instance=ExtResource("4_trceg")]
transform = Transform3D(0.76604444, 0, -0.64278764, 0, 1, 0, 0.64278764, 0, 0.76604444, -10.6022625, -0.49999917, 14.6642475)
metadata/_edit_lock_ = true

[node name="wall36" parent="Building/Walls/BigRoomWalls" unique_id=1040862347 instance=ExtResource("4_trceg")]
transform = Transform3D(0.76604444, 0, -0.64278764, 0, 1, 0, 0.64278764, 0, 0.76604444, -10.6022625, 3.500001, 14.6642475)
metadata/_edit_lock_ = true

[node name="wall37" parent="Building/Walls/BigRoomWalls" unique_id=438224907 instance=ExtResource("4_trceg")]
transform = Transform3D(0.76604444, 0, -0.64278764, 0, 1, 0, 0.64278764, 0, 0.76604444, -7.538085, -0.49999917, 17.235397)
metadata/_edit_lock_ = true

[node name="wall38" parent="Building/Walls/BigRoomWalls" unique_id=1589119316 instance=ExtResource("4_trceg")]
transform = Transform3D(0.76604444, 0, -0.64278764, 0, 1, 0, 0.64278764, 0, 0.76604444, -7.538085, 3.500001, 17.235397)
metadata/_edit_lock_ = true

[node name="wall39" parent="Building/Walls/BigRoomWalls" unique_id=111961989 instance=ExtResource("4_trceg")]
transform = Transform3D(0.76604444, 0, -0.64278764, 0, 1, 0, 0.64278764, 0, 0.76604444, -4.473907, -0.49999917, 19.80655)
metadata/_edit_lock_ = true

[node name="wall40" parent="Building/Walls/BigRoomWalls" unique_id=1683954758 instance=ExtResource("4_trceg")]
transform = Transform3D(0.76604444, 0, -0.64278764, 0, 1, 0, 0.64278764, 0, 0.76604444, -4.473907, 3.500001, 19.80655)
metadata/_edit_lock_ = true

[node name="wall41" parent="Building/Walls/BigRoomWalls" unique_id=899448878 instance=ExtResource("4_trceg")]
transform = Transform3D(0.76604444, 0, -0.64278764, 0, 1, 0, 0.64278764, 0, 0.76604444, -1.4097295, -0.49999917, 22.377699)
metadata/_edit_lock_ = true

[node name="wall42" parent="Building/Walls/BigRoomWalls" unique_id=2136557014 instance=ExtResource("4_trceg")]
transform = Transform3D(0.76604444, 0, -0.64278764, 0, 1, 0, 0.64278764, 0, 0.76604444, -1.4097295, 3.500001, 22.377699)
metadata/_edit_lock_ = true

[node name="wall43" parent="Building/Walls/BigRoomWalls" unique_id=590914243 instance=ExtResource("4_trceg")]
transform = Transform3D(0.9396926, 0, 0.3420201, 0, 1, 0, -0.3420201, 0, 0.9396926, 1.8827446, -0.49999905, 23.16486)
metadata/_edit_lock_ = true

[node name="wall44" parent="Building/Walls/BigRoomWalls" unique_id=1300405270 instance=ExtResource("4_trceg")]
transform = Transform3D(0.9396926, 0, 0.3420201, 0, 1, 0, -0.3420201, 0, 0.9396926, 1.8827446, 3.500001, 23.16486)
metadata/_edit_lock_ = true

[node name="wall45" parent="Building/Walls/BigRoomWalls" unique_id=1820065530 instance=ExtResource("4_trceg")]
transform = Transform3D(0.9396926, 0, 0.3420201, 0, 1, 0, -0.3420201, 0, 0.9396926, 5.6415157, -0.49999905, 21.79678)
metadata/_edit_lock_ = true

[node name="wall46" parent="Building/Walls/BigRoomWalls" unique_id=158176139 instance=ExtResource("4_trceg")]
transform = Transform3D(0.9396926, 0, 0.3420201, 0, 1, 0, -0.3420201, 0, 0.9396926, 5.6415157, 3.500001, 21.79678)
metadata/_edit_lock_ = true

[node name="wall47" parent="Building/Walls/BigRoomWalls" unique_id=1188702633 instance=ExtResource("4_trceg")]
transform = Transform3D(0.9396926, 0, 0.3420201, 0, 1, 0, -0.3420201, 0, 0.9396926, 9.400288, -0.49999905, 20.4287)
metadata/_edit_lock_ = true

[node name="wall48" parent="Building/Walls/BigRoomWalls" unique_id=475777423 instance=ExtResource("4_trceg")]
transform = Transform3D(0.9396926, 0, 0.3420201, 0, 1, 0, -0.3420201, 0, 0.9396926, 9.400288, 3.500001, 20.4287)
metadata/_edit_lock_ = true

[node name="wall49" parent="Building/Walls/BigRoomWalls" unique_id=2124283049 instance=ExtResource("4_trceg")]
transform = Transform3D(0.9396926, 0, 0.3420201, 0, 1, 0, -0.3420201, 0, 0.9396926, 13.159056, -0.49999905, 19.060616)
metadata/_edit_lock_ = true

[node name="wall50" parent="Building/Walls/BigRoomWalls" unique_id=2105943642 instance=ExtResource("4_trceg")]
transform = Transform3D(0.9396926, 0, 0.3420201, 0, 1, 0, -0.3420201, 0, 0.9396926, 13.159056, 3.500001, 19.060616)
metadata/_edit_lock_ = true

[node name="wall51" parent="Building/Walls/BigRoomWalls" unique_id=1803829662 instance=ExtResource("4_trceg")]
transform = Transform3D(0.9396926, 0, 0.3420201, 0, 1, 0, -0.3420201, 0, 0.9396926, 16.729889, -0.49999905, 17.760944)
metadata/_edit_lock_ = true

[node name="wall52" parent="Building/Walls/BigRoomWalls" unique_id=100909678 instance=ExtResource("4_trceg")]
transform = Transform3D(0.9396926, 0, 0.3420201, 0, 1, 0, -0.3420201, 0, 0.9396926, 16.729889, 3.500001, 17.760944)
metadata/_edit_lock_ = true

[node name="wall53" parent="Building/Walls/BigRoomWalls" unique_id=359339252 instance=ExtResource("4_trceg")]
transform = Transform3D(0.9396926, 0, 0.3420201, 0, 1, 0, -0.3420201, 0, 0.9396926, 20.30072, -0.49999905, 16.461264)
metadata/_edit_lock_ = true

[node name="wall54" parent="Building/Walls/BigRoomWalls" unique_id=135647489 instance=ExtResource("4_trceg")]
transform = Transform3D(0.9396926, 0, 0.3420201, 0, 1, 0, -0.3420201, 0, 0.9396926, 20.30072, 3.500001, 16.461264)
metadata/_edit_lock_ = true

[node name="wall55" parent="Building/Walls/BigRoomWalls" unique_id=1756024403 instance=ExtResource("4_trceg")]
transform = Transform3D(0.7660444, 0, 0.6427876, 0, 1, 0, -0.6427876, 0, 0.7660444, 23.691322, -0.49999905, 14.536375)
metadata/_edit_lock_ = true

[node name="wall56" parent="Building/Walls/BigRoomWalls" unique_id=446635459 instance=ExtResource("4_trceg")]
transform = Transform3D(0.7660444, 0, 0.6427876, 0, 1, 0, -0.6427876, 0, 0.7660444, 23.691322, 3.500001, 14.536375)
metadata/_edit_lock_ = true

[node name="wall_corner2" parent="Building/Walls/BigRoomWalls" unique_id=1019752409 instance=ExtResource("6_jkv2x")]
transform = Transform3D(0.76604444, 0, 0.64278764, 0, 1, 0, -0.64278764, 0, 0.76604444, 16.357246, 3.500001, -29.42343)
metadata/_edit_lock_ = true

[node name="wall_corner3" parent="Building/Walls/BigRoomWalls" unique_id=444229870 instance=ExtResource("6_jkv2x")]
transform = Transform3D(-0.7660445, 0, -0.6427876, 0, 1, 0, 0.6427876, 0, -0.7660445, 1.0363588, -0.49999905, -16.567677)
metadata/_edit_lock_ = true

[node name="wall_corner4" parent="Building/Walls/BigRoomWalls" unique_id=1912073285 instance=ExtResource("6_jkv2x")]
transform = Transform3D(-0.7660445, 0, -0.6427876, 0, 1, 0, 0.6427876, 0, -0.7660445, 1.0363588, 3.500001, -16.567677)
metadata/_edit_lock_ = true

[node name="wall_corner5" parent="Building/Walls/BigRoomWalls" unique_id=1263153424 instance=ExtResource("6_jkv2x")]
transform = Transform3D(0.76604456, 0, 0.6427875, 0, 1, 0, -0.6427875, 0, 0.76604456, -1.5347925, -0.49999905, -19.631855)
metadata/_edit_lock_ = true

[node name="wall_corner6" parent="Building/Walls/BigRoomWalls" unique_id=1427791170 instance=ExtResource("6_jkv2x")]
transform = Transform3D(0.76604456, 0, 0.6427875, 0, 1, 0, -0.6427875, 0, 0.76604456, -1.5347925, 3.500001, -19.631855)
metadata/_edit_lock_ = true

[node name="wall28" parent="Building/Walls/BigRoomWalls" unique_id=1832927336 instance=ExtResource("4_trceg")]
transform = Transform3D(0.6427876, 0, -0.76604444, 0, 1, 0, 0.76604444, 0, 0.6427876, 18.928396, -0.49999917, -26.359251)
metadata/_edit_lock_ = true

[node name="wall29" parent="Building/Walls/BigRoomWalls" unique_id=1762556407 instance=ExtResource("4_trceg")]
transform = Transform3D(0.6427876, 0, -0.76604444, 0, 1, 0, 0.76604444, 0, 0.6427876, 18.928396, 3.5000007, -26.359251)
metadata/_edit_lock_ = true

[node name="wall_cracked2" parent="Building/Walls/BigRoomWalls" unique_id=915351431 instance=ExtResource("8_muem4")]
transform = Transform3D(-4.371139e-08, 0, -1, 0, 1, 0, 1, 0, -4.371139e-08, 25.3, 3.5000007, -8.599998)
metadata/_edit_lock_ = true

[node name="Floors" type="Node3D" parent="Building" unique_id=1463747497]
metadata/_edit_lock_ = true

[node name="wood_floor" parent="Building/Floors" unique_id=433918548 instance=ExtResource("14_jbj1t")]
transform = Transform3D(1, 0, 0, 0, 1, 0, 0, 0, 1, 1.0000001, -0.5, -4.2000003)
metadata/_edit_lock_ = true

[node name="wood_floor2" parent="Building/Floors" unique_id=1844505589 instance=ExtResource("14_jbj1t")]
transform = Transform3D(1, 0, 0, 0, 1, 0, 0, 0, 1, -3, -0.5, -4.2000003)
metadata/_edit_lock_ = true

[node name="wood_floor3" parent="Building/Floors" unique_id=480493563 instance=ExtResource("14_jbj1t")]
transform = Transform3D(1, 0, 0, 0, 1, 0, 0, 0, 1, 1.0000001, -0.5, -8.2)
metadata/_edit_lock_ = true

[node name="wood_floor4" parent="Building/Floors" unique_id=1157926937 instance=ExtResource("14_jbj1t")]
transform = Transform3D(1, 0, 0, 0, 1, 0, 0, 0, 1, -3, -0.5, -8.2)
metadata/_edit_lock_ = true

[node name="wood_floor5" parent="Building/Floors" unique_id=630281936 instance=ExtResource("14_jbj1t")]
transform = Transform3D(1, 0, 0, 0, 1, 0, 0, 0, 1, 1.0000001, -0.5, -12.2)
metadata/_edit_lock_ = true

[node name="wood_floor6" parent="Building/Floors" unique_id=440671637 instance=ExtResource("14_jbj1t")]
transform = Transform3D(1, 0, 0, 0, 1, 0, 0, 0, 1, -3, -0.5, -12.2)
metadata/_edit_lock_ = true

[node name="wood_floor7" parent="Building/Floors" unique_id=1019110027 instance=ExtResource("14_jbj1t")]
transform = Transform3D(1, 0, 0, 0, 1, 0, 0, 0, 1, 1.0000001, -0.5, -16.199999)
metadata/_edit_lock_ = true

[node name="wood_floor8" parent="Building/Floors" unique_id=892598492 instance=ExtResource("14_jbj1t")]
transform = Transform3D(1, 0, 0, 0, 1, 0, 0, 0, 1, -3, -0.5, -16.199999)
metadata/_edit_lock_ = true

[node name="wood_floor9" parent="Building/Floors" unique_id=797660769 instance=ExtResource("14_jbj1t")]
transform = Transform3D(1, 0, 0, 0, 1, 0, 0, 0, 1, -7, -0.5, -4.2000003)
metadata/_edit_lock_ = true

[node name="wood_floor10" parent="Building/Floors" unique_id=1245618729 instance=ExtResource("14_jbj1t")]
transform = Transform3D(1, 0, 0, 0, 1, 0, 0, 0, 1, -11, -0.5, -4.2000003)
metadata/_edit_lock_ = true

[node name="wood_floor11" parent="Building/Floors" unique_id=1996940449 instance=ExtResource("14_jbj1t")]
transform = Transform3D(1, 0, 0, 0, 1, 0, 0, 0, 1, -7, -0.5, -8.2)
metadata/_edit_lock_ = true

[node name="wood_floor12" parent="Building/Floors" unique_id=269276063 instance=ExtResource("14_jbj1t")]
transform = Transform3D(1, 0, 0, 0, 1, 0, 0, 0, 1, -11, -0.5, -8.2)
metadata/_edit_lock_ = true

[node name="wood_floor13" parent="Building/Floors" unique_id=555556569 instance=ExtResource("14_jbj1t")]
transform = Transform3D(1, 0, 0, 0, 1, 0, 0, 0, 1, -7, -0.5, -12.2)
metadata/_edit_lock_ = true

[node name="wood_floor14" parent="Building/Floors" unique_id=1304387098 instance=ExtResource("14_jbj1t")]
transform = Transform3D(1, 0, 0, 0, 1, 0, 0, 0, 1, -11, -0.5, -12.2)
metadata/_edit_lock_ = true

[node name="wood_floor15" parent="Building/Floors" unique_id=2107639650 instance=ExtResource("14_jbj1t")]
transform = Transform3D(1, 0, 0, 0, 1, 0, 0, 0, 1, -7, -0.5, -16.199999)
metadata/_edit_lock_ = true

[node name="wood_floor17" parent="Building/Floors" unique_id=868544022 instance=ExtResource("14_jbj1t")]
transform = Transform3D(1, 0, 0, 0, 1, 0, 0, 0, 1, 1.0000001, -0.5, -20.199999)
metadata/_edit_lock_ = true

[node name="wood_floor20" parent="Building/Floors" unique_id=1409629425 instance=ExtResource("14_jbj1t")]
transform = Transform3D(1, 0, 0, 0, 1, 0, 0, 0, 1, 5, -0.5, -4.2000003)
metadata/_edit_lock_ = true

[node name="wood_floor21" parent="Building/Floors" unique_id=1858449177 instance=ExtResource("14_jbj1t")]
transform = Transform3D(1, 0, 0, 0, 1, 0, 0, 0, 1, 5, -0.5, -8.2)
metadata/_edit_lock_ = true

[node name="wood_floor22" parent="Building/Floors" unique_id=2089663985 instance=ExtResource("14_jbj1t")]
transform = Transform3D(1, 0, 0, 0, 1, 0, 0, 0, 1, 5, -0.5, -12.2)
metadata/_edit_lock_ = true

[node name="wood_floor23" parent="Building/Floors" unique_id=2024131088 instance=ExtResource("14_jbj1t")]
transform = Transform3D(1, 0, 0, 0, 1, 0, 0, 0, 1, 5, -0.5, -16.199999)
metadata/_edit_lock_ = true

[node name="wood_floor24" parent="Building/Floors" unique_id=1034420283 instance=ExtResource("14_jbj1t")]
transform = Transform3D(1, 0, 0, 0, 1, 0, 0, 0, 1, 5, -0.5, -20.199999)
metadata/_edit_lock_ = true

[node name="wood_floor25" parent="Building/Floors" unique_id=194720279 instance=ExtResource("14_jbj1t")]
transform = Transform3D(1, 0, 0, 0, 1, 0, 0, 0, 1, 9, -0.5, -4.2000003)
metadata/_edit_lock_ = true

[node name="wood_floor26" parent="Building/Floors" unique_id=107914314 instance=ExtResource("14_jbj1t")]
transform = Transform3D(1, 0, 0, 0, 1, 0, 0, 0, 1, 9, -0.5, -8.2)
metadata/_edit_lock_ = true

